No	music_no	member_no	rating
1	1	19	앵앵거린다
2	1	12	귀호강
3	1	9	목소리가 사기야…
4	1	1	오랜만에 제대로 된 곡인 듯
5	1	21	
6	1	36	
7	1	29	
8	2	24	
9	2	38	너무 지루해요
10	2	5	
11	2	29	
12	2	36	
13	2	14	
14	2	31	우울할때 듣기 좋다
15	2	19	
16	2	32	
17	2	3	
18	3	3	
19	3	2	
20	3	5	
21	3	38	
22	3	11	짱짱
23	3	9	
24	3	1	
25	4	10	
26	4	28	
27	4	13	
28	4	4	
29	5	21	윗분 귀가 이상한거 같네요
30	5	24	
31	5	20	
32	5	7	
33	5	39	
34	5	5	내 마음 대신 말해주는 노래
35	5	22	
36	5	2	
37	6	10	
38	6	23	하루에 10번은 넘게 듣는듯
39	6	27	
40	6	37	
41	6	4	
42	6	5	지금도 듣고 있는데 너무 좋은것 같아요
43	6	11	
44	6	40	귀정화하고 갑니다.
45	6	38	
46	7	13	고음 진짜 깔끔하다 bb
47	7	23	
48	7	36	
49	7	11	
50	7	9	
51	8	26	
52	8	21	
53	8	20	
54	8	30	
55	8	40	
56	8	35	한마디로 완벽하다
57	8	34	
58	8	25	
59	8	17	
60	9	26	긍정적이다
61	9	14	
62	9	30	
63	9	8	
64	9	3	완벽하다
65	9	31	
66	10	29	
67	10	19	첫눈이 오는 날 듣고 싶어지는 노래
68	10	13	
69	10	18	
70	10	36	
71	10	8	광고로 나와도 나올때마다 다 들어줄수 있을듯
72	10	38	
73	10	17	자신감이 솟구친다
74	11	24	
75	11	7	
76	11	1	진짜 명곡
77	11	32	
78	11	9	멜론1위 가자
79	11	21	
80	11	30	여기 외국인도 꽤 있네요 자랑스럽습니다.
81	12	15	
82	12	13	
83	12	30	
84	12	40	노래 끝판왕
85	12	6	
86	12	27	눈물이 날거 같다
87	12	26	
88	13	30	
89	13	2	
90	13	1	
91	13	6	
92	13	26	세상에 이런 노래가 또 있을까?
93	13	27	이거 잘부르면 인싸임
94	13	10	
95	14	3	
96	14	25	목소리때문에 듣는다
97	14	4	
98	14	1	
99	14	39	내가 더 잘부를거 같다
100	14	24	이분은 노래 접으셔야 할 것 같다
101	15	34	
102	15	7	
103	15	23	
104	15	37	
105	15	28	
106	16	30	
107	16	17	I love it.
108	16	13	슬퍼요
109	16	6	
110	16	10	
111	16	22	사겼던사람이 그리워져요
112	16	35	
113	17	23	기분이 업되는듯
114	17	18	
115	17	39	
116	17	29	
117	17	38	
118	18	3	
119	18	23	
120	18	37	댄스음악이 이렇게 좋을 수 있네요
121	18	4	
122	18	20	
123	19	22	
124	19	20	
125	19	30	
126	19	16	
127	19	39	따뜻하다
128	19	36	
129	19	15	최고다 진짜
130	19	28	헤어질때 들으면 좋은거 같아요
131	20	7	노래 진짜 인생곡
132	20	22	
133	20	4	재밌다
134	20	9	다른 노래에비해 좀 떨어지는듯
135	20	26	
136	20	18	
137	21	8	공부하면서 들으면 집중 안됨
138	21	29	목소리 너무 좋다 
139	21	4	
140	22	11	가사가 진짜 너무 미쳤어..
141	22	34	
142	22	1	가사는 슬픈데 노래는 신남
143	22	12	
144	22	15	
145	23	19	
146	23	9	이건 절대 못잊힐듯
147	23	3	
148	23	2	진짜 소름돋게 잘한다
149	23	34	
150	23	6	
151	23	29	쓰담쓰담 해주는 노래
152	23	1	
153	23	36	진심 최고다
154	24	16	
155	24	30	
156	24	38	
157	24	22	가뭄의 단비 같은 노래
158	24	25	
159	25	14	길가면서 흥얼거렸어요
160	25	22	
161	25	19	
162	25	23	계속 흥얼거리게 된다
163	25	15	
164	25	25	
165	25	29	
166	26	40	혼자 이어폰끼고 들어야한다
167	26	10	
168	26	1	길가다 중얼거리게 됨
169	26	23	
170	26	37	내가 왜 이제야 이 노래를 알게 됐을까..
171	26	15	
172	26	16	
173	27	39	
174	27	32	
175	27	26	
176	27	35	
177	27	37	
178	27	12	
179	28	8	
180	28	5	
181	28	11	
182	28	29	들리면 춤출 듯
183	28	36	
184	28	15	
185	29	27	
186	29	35	목소리 내 스탈…
187	29	25	첫소절 듣자마자 반해버린건 나뿐??
188	29	6	
189	30	24	
190	30	21	
191	30	31	덕질하게 만든 노래
192	30	26	
193	30	18	
194	30	39	
195	30	11	
196	30	13	
197	30	25	친구가 보고싶어지는 노래
198	30	5	
199	30	35	
200	30	37	
201	31	33	
202	31	35	
203	31	5	
204	31	37	반주랑 딱딱떨어져서 좋네요
205	32	15	
206	32	33	정수리까지 소름돋는 느낌
207	32	21	멜론 1위 가즈아!
208	32	28	
209	32	26	
210	32	23	
211	32	18	띵.곡
212	32	1	중독성은 이 노래가 최강
213	32	36	가사가 별로다
214	33	6	비오는 날 듣기 좋다
215	33	5	표절한거같은데
216	33	32	
217	33	1	난 오늘만 셀수 없이 들음
218	33	35	
219	33	40	
220	33	11	
221	34	35	
222	34	31	
223	34	30	
224	34	25	언제들어도 감미롭다
225	34	19	
226	34	4	
227	34	9	
228	34	5	
229	34	28	
230	34	11	
231	34	36	
232	35	40	
233	35	25	
234	35	26	
235	35	16	
236	35	33	최고에요
237	35	31	여행갈때 들으면 딱일듯
238	36	6	
239	36	3	
240	36	8	
241	36	1	
242	36	28	
243	36	7	진짜 내가 너무 아끼고 너무 좋아하는 노래..
244	36	9	
245	37	20	
246	37	29	
247	37	39	노래 너무 좋은거 아니냐
248	37	24	여전히 좋은 노래.
249	37	15	아무말 할 필요없다
250	37	7	
251	38	1	
252	38	31	
253	38	36	노래가 머리속에서 맴돌아요
254	38	30	
255	38	17	
256	39	6	
257	39	36	
258	40	28	
259	40	1	이 노래 따라올 노래는 없을듯
260	40	21	
261	40	22	
262	40	38	
263	40	30	잘때 매일 듣는 노래
264	40	36	
265	40	23	미띤!
266	40	20	맨처음 부분 나오자마자 너무 신남 ㅋㅋㅋㅋㅋㅋ
267	40	39	
268	41	22	오래된 친구를 만난 느낌
269	41	29	나의 삶의 원동력같은 노래
270	41	17	
271	41	35	
272	41	2	들으면서 자면 좋은 꿈을 꿀 것 같다
273	41	14	힘이 되어주는 노래
274	42	40	
275	42	26	
276	42	4	
277	42	16	
278	42	10	너무 많이 들어서 지겨워요 
279	42	17	
280	42	19	
281	42	20	
282	42	25	
283	43	7	시험망쳤는데 조금 위로가되네요
284	43	23	
285	43	13	박자가 잘안맞는듯
286	43	34	
287	43	32	
288	43	37	
289	43	30	
290	43	8	가사랑 노래 다 완전 참신하고 신선하다..
291	44	20	진심 최고…!
292	44	11	
293	44	4	
294	44	33	
295	44	18	언제든 역주행 가능한 곡
296	45	3	
297	45	4	
298	45	29	
299	45	17	고음부분이 맘에들어요
300	45	27	
301	45	31	감탄사밖에 안나오네요
302	45	12	
303	46	8	
304	46	1	
305	46	39	
306	46	7	
307	46	26	포기하고싶어진다
308	46	31	
309	47	29	
310	47	11	완전 내 이야기 노래로 만듬ㅠㅠ
311	47	4	
312	47	16	
313	47	37	
314	47	20	
315	47	6	밤새 들어본노래
316	47	25	
317	48	39	
318	48	28	
319	48	23	황홀해진다
320	48	37	끝이 너무 마음에 들어서 몇 번씩 돌려 듣는 중
321	48	29	
322	49	36	톡톡튀는 멜로디가 매력적이네요
323	49	9	
324	49	29	
325	49	7	
326	49	11	
327	49	17	
328	49	22	해어진 사람에게 추천하는 노래
329	49	10	
330	50	8	
331	50	23	
332	50	6	
333	50	25	이 노래 들으면서 힐링중
334	50	3	
335	50	27	
336	50	17	
337	51	32	하루에 1번씩은 꼭 듣는 것 같아요 최고에요!
338	51	23	
339	51	34	
340	51	24	
341	52	7	공부하다 들으러 왔는데 여기서 벗어나질 못하겠음..
342	52	8	
343	52	9	
344	52	32	
345	52	29	
346	52	15	
347	53	8	
348	53	32	
349	53	1	
350	53	10	
351	53	2	
352	53	37	
353	53	4	여기 중2병 널렸네
354	54	23	나의 연애세포를 살려준 노래
355	54	15	
356	54	12	
357	55	40	
358	55	6	
359	55	38	
360	55	26	
361	55	18	
362	55	13	
363	55	39	
364	55	27	
365	55	29	
366	55	15	위로받는 노래
367	55	24	
368	55	8	
369	56	34	
370	56	40	ㄹㅇ띵곡
371	56	3	목소리가 너무 좋아요
372	56	38	
373	56	4	
374	56	22	
375	56	39	
376	56	35	
377	56	20	
378	56	1	얼굴값하시는듯
379	57	17	
380	58	25	
381	58	2	반주랑 잘안맞는듯
382	58	32	제일 좋아하는 곡중 하나
383	58	36	
384	58	38	
385	59	21	
386	59	25	
387	59	9	
388	59	35	
389	59	4	
390	60	28	
391	60	5	
392	60	17	처음 전주만 듣고 딱 내 인생곡이라고 생각함
393	60	40	난 이곡이 제일맘에듬
394	60	12	10초 듣고 홀려버림
395	60	2	그리워요
396	60	20	매번 가사를 잊어버림
397	60	14	
398	60	16	옛날 생각나서 너무 슬프다
399	60	35	
400	60	6	
401	60	15	
402	61	11	
403	61	27	
404	61	19	
405	61	29	
406	61	7	
407	61	36	
408	62	27	
409	62	22	듣다가 반해버림
410	62	12	Good job :)
411	62	34	
412	62	17	
413	62	35	목소리에 반해버림
414	62	31	
415	62	10	음색이 맑은 호수같아요!
416	63	35	
417	63	23	
418	63	5	해가 질 때마다 듣는 노래임
419	63	1	시원한 느낌이다
420	63	15	
421	63	12	
422	63	26	
423	63	22	
424	64	22	
425	64	38	목소리 실화냐
426	64	3	내 얘기인줄
427	64	18	
428	64	31	
429	64	5	얼굴도 이쁘고 노래도 잘하고…
430	64	32	
431	64	29	
432	65	10	
433	65	33	
434	65	23	개인적으로 가장 좋아하는 노래
435	65	38	
436	65	29	
437	66	37	
438	66	7	
439	66	23	
440	66	39	아무리 힘들어도 이 노래 하나면 충분할듯
441	66	20	
442	66	27	Nice song!
443	67	5	
444	67	24	
445	67	26	
446	67	28	
447	67	36	이노래는 이사람말곤 못부른다. 커버가 불가능한 곡.
448	67	4	노래가 너무좋아서 공부에 집중이 안되요
449	67	38	
450	68	7	하루하루 살아가게 만드는 노래
451	68	19	
452	68	30	
453	68	5	출근하는 길에 들어봤는데 너무 좋아서 지금도 듣는중
454	68	1	
455	68	11	
456	69	13	
457	69	17	
458	70	29	
459	70	32	
460	70	33	좋아하는노래 1등
461	70	11	
462	71	20	갑자기 팥빙수 먹고 싶어지는 노래
463	71	11	
464	71	27	
465	71	40	
466	71	29	벅차오른다
467	71	17	이런 노래는 지금 들어도 질리지가 않네
468	71	21	직접 만나뵙고 싶네요
469	71	13	
470	71	19	
471	71	38	
472	72	15	곡이 정말 좋아요! 특히 가사가..
473	72	9	
474	72	40	
475	72	30	
476	72	2	
477	73	8	
478	73	4	
479	73	3	
480	73	35	사랑을 하고싶어지는 노래
481	73	5	가사 너무 맘에 들어..
482	73	17	
483	73	37	
484	73	28	
485	74	27	
486	74	26	
487	74	25	
488	74	2	정말 공감되는 노래네요
489	74	12	
490	74	16	
491	74	1	
492	74	30	
493	75	4	노래 정말 좋음 특히 도입부 멜로디가 너무 좋다
494	75	40	
495	75	30	
496	75	37	무한반복해도 질리지 않는 노래입니다..
497	75	1	
498	75	39	
499	75	13	
500	76	25	
501	76	23	이거 이어폰으로 들으면서 가면 너무 참기 힘듬… 춤추고 싶어짐 ㅋㅋㅋ
502	76	33	
503	76	17	
504	76	21	
505	76	7	
506	76	16	
507	76	35	
508	76	13	
509	76	31	봄에 꼭 들리는 노래
510	77	9	
511	77	36	
512	77	31	
513	77	27	길거리에서 이노래 나오면 너무 신나
514	77	17	
515	77	22	
516	77	21	
517	77	11	노래가 너무 신나요 ㅋㅋㅋ
518	77	30	듣기 좋다
519	77	15	
520	77	24	이 곡 작사한분 좀 지리는듯
521	78	36	
522	78	28	
523	78	34	
524	78	25	
525	78	9	노래는 좋은데 가사가 별로다
526	78	3	
527	78	40	이노래 우리 부모님께 들려드렸더니 나쁘지 않다네요
528	79	11	
529	79	37	
530	79	39	
531	79	31	
532	79	40	
533	79	21	Wow amazing!:)
534	79	8	뭐든 할 수 있을거 같다
535	80	19	
536	80	38	소재가 신선했다
537	80	10	이런 음악이 필요했다
538	80	28	
539	80	35	어떻게 저렇게 잘부르지…?
540	80	11	
541	80	30	가사가 좋아요ㅎ
542	80	23	
543	81	38	
544	81	34	
545	81	32	재미난 가사가 좋다
546	81	6	
547	81	30	매일 자기 직전에 꼭 한번씩 듣는 노래.
548	81	29	
549	81	17	
550	82	34	
551	82	15	
552	82	7	
553	82	17	
554	82	40	
555	83	19	다신 안들을 것 같아요
556	83	11	
557	83	4	내 최애곡1위
558	83	35	마음이 아프다
559	83	39	
560	83	3	
561	83	10	
562	84	5	진짜 어떻게 이런곡을 쓰지??
563	84	35	
564	84	40	
565	84	17	들으면 들을수록 좋은 노래
566	84	21	
567	85	35	
568	85	13	길가다가 어디선가 들어봐서 찾아봤는데 이 노래였구나 ㅋㅋㅋ
569	86	16	
570	86	27	
571	86	20	
572	86	7	
573	87	8	
574	87	14	발음, 박자, 목소리 모든게 완벽한 노래
575	87	31	
576	87	32	안고싶다
577	87	7	
578	87	13	
579	87	36	
580	87	4	힐링된다..
581	87	5	
582	88	24	
583	88	33	
584	88	35	
585	88	27	앞으로도 좋은곡 많이 내주시길...!
586	88	4	들으면 들을수로 중독되
587	88	8	굿굿
588	89	32	
589	89	39	
590	89	30	이 곡은 더 알려져야 한다.. 노래 들으면서 울컥해본건 이노래가 처음이다
591	89	37	처진다..
592	89	23	울컥한다
593	89	20	하.. 요즘 생활이 힘든 중3입니다. 요즘 힘들어서 다 포기하고 싶었는데 이 노래 들으니 다시 힘이 나는것 같네요. 다들 힘냅시다!
594	89	18	
595	90	22	
596	90	33	진짜 이 노래는 한 번도 안 들은 사람은 있어도 한 번만 들은 사람은 없을 듯
597	90	14	
598	90	27	
599	90	39	
600	90	10	이 노래 찾고있었는데 너무좋은듯
601	91	35	
602	91	39	
603	91	28	
604	92	26	
605	92	18	
606	92	31	친구들한테 추천해주고 싶다
607	92	16	
608	92	19	
609	93	18	
610	93	3	
611	93	37	
612	93	10	혼란스럽다
613	93	19	
614	93	11	가사가 너무 와닿아요
615	93	25	
616	93	26	
617	93	13	반주에서 부터 치였다
618	94	4	이거 들으면서 월요병 치유하자
619	94	7	
620	94	36	이렇게 안질리기도 힘들겠다 ㅋㅋ
621	94	5	
622	94	14	
623	94	2	한번듣고 빠짐
624	94	39	내가 제일 좋아하는 가수!
625	94	25	
626	94	38	용기가난다
627	94	21	
628	95	1	감성 폭발하는 노래
629	95	25	
630	95	8	
631	95	6	
632	95	27	
633	95	28	녹아버릴거 같다
634	95	39	
635	95	3	
636	95	40	
637	95	14	
638	96	34	힘들때 들으면 좋다
639	96	33	예전 노래지만 다시 불러도 좋은곡
640	96	25	
641	96	38	
642	96	29	소름이 돋는다
643	96	6	
644	96	26	
645	96	40	
646	97	39	아직도 좋은 노래
647	97	22	
648	97	28	
649	97	36	
650	97	24	3:33초 이부분 약간 옆집노래랑 비슷한거 같은데
651	97	27	
652	98	19	
653	98	18	
654	98	35	
655	98	34	
656	98	17	
657	99	32	
658	99	12	
659	99	6	
660	99	26	
661	99	34	
662	100	25	내가 제일 좋아하는 노래임.
663	100	20	
664	100	17	
665	101	4	노래가 정신없어요
666	101	12	
667	101	29	
668	101	3	
669	101	35	파티할때 틀어놓기 좋은 노래
670	101	16	알람으로 하기 딱 좋은 노래
671	101	1	
672	101	11	
673	101	9	
674	101	34	
675	101	17	
676	102	16	역주행 가자
677	102	21	박자가 매끄럽고 감정이 너무 잘 표현됐다.
678	102	26	
679	102	12	집에서 빈둥대면서 듣는노래
680	102	24	아직 초반부분인데 벌써 좋은듯
681	102	7	공감이 안된다
682	103	17	집중력 높여지는 기분
683	103	4	
684	103	40	song of legend
685	103	16	
686	103	38	
687	103	22	노래 잘하니까 얼굴도 잘생겨보이네..
688	103	15	
689	104	1	
690	104	12	
691	104	18	
692	104	9	지나가다 듣고 찾아봄
693	104	17	
694	104	32	목소리 너무 좋네요
695	104	2	
696	104	27	
697	105	12	클럽가면 나올법한 노래
698	105	8	반주랑 음이 안맞는다
699	106	13	별로임
700	106	25	이 노래 다운로드 링크좀 주세요
701	106	15	
702	106	16	
703	106	29	
704	106	2	
705	106	5	
706	107	5	
707	107	31	
708	107	29	감각적인 노래
709	107	26	
710	107	16	이거 어제 친구랑 같이 불렀는뎈ㅋㅋ
711	107	28	와 고음 미쳤다..
712	108	14	
713	108	31	This song is best!
714	108	16	
715	108	8	
716	108	11	
717	108	4	최고ㅎㅎ
718	108	21	어렸때 부르고 다닌 노래
719	108	34	멜로디가 별로다
720	108	24	
721	109	6	창법이 독특해서 매력이있는듯
722	109	15	목소리에 끌려서 매일 듣는 노래
723	109	5	별로인데…..
724	109	3	
725	109	20	
726	109	10	아침마다 듣는 노래
727	109	4	수능금지곡 1위;
728	109	38	
729	109	22	
730	110	7	
731	110	10	
732	110	16	
733	110	18	노래 좋아서 다운 받음
734	110	6	
735	110	4	
736	110	24	
737	111	3	
738	111	8	
739	111	19	
740	111	15	
741	112	33	희망이없다
742	112	16	
743	112	40	
744	112	1	
745	113	37	노래 떡상가자
746	113	35	예술은 노래에서 피어난다..
747	113	32	
748	113	19	지겨울정도로 들었어요
749	113	13	
750	113	16	저절로 따라하게 됨
751	114	2	
752	114	15	한국인이에요?? 헐 대박
753	115	16	
754	115	39	
755	115	6	
756	115	35	
757	115	34	
758	116	19	사랑에 힘들었어도 다시 사랑하던 그 시절이 생각나는 노래
759	116	5	
760	116	22	
761	116	16	들으면 들을수록 좋은 노래..ㅠㅠㅠ
762	116	1	개인적으로 올해 최고의 노래인 것 같네요.
763	116	28	
764	116	7	항상 믿고 듣는 노래
765	117	21	
766	117	13	
767	117	29	
768	117	22	
769	117	20	
770	118	20	
771	118	38	차트1위 노래는 역시 다르다
772	118	24	
773	118	9	
774	118	26	
775	118	14	
776	119	4	너무 흥겹네요
777	119	11	하이라이트 부분에서 반했다
778	119	13	
779	119	16	빠져드는 목소리
780	119	40	
781	119	35	
782	120	13	
783	120	1	
784	120	29	
785	120	17	
786	120	37	
787	120	27	
788	120	40	
789	120	18	
790	121	20	초반엔 잠잠하다가 중간에 고음지를때 소름이 막;;
791	121	33	
792	121	32	
793	121	8	
794	121	38	지루할 틈 없이 신박함
795	121	29	
796	121	16	좋아요
797	121	12	
798	121	19	
799	122	12	
800	122	36	
801	122	6	
802	122	34	슬픈날 듣기 좋다
803	122	13	여할갈때 들으면 딱일듯
804	122	38	
805	122	20	조회수 100만 가즈아!!!
806	122	15	
807	122	10	듣기 편해서 괜찮다
808	123	32	
809	123	2	작곡가가 천재인듯
810	123	6	
811	123	27	
812	123	16	친구가 너무좋다고 소개해줬어요
813	123	8	
814	123	29	
815	123	35	
816	123	19	차트에 없는게 신기할 정도
817	124	5	
818	124	32	
819	124	7	
820	124	22	보컬 목소리 너무 듣기 편안함..
821	124	17	
822	124	6	
823	124	13	
824	124	31	
825	125	3	
826	125	32	
827	125	25	
828	125	30	
829	125	1	
830	125	15	
831	125	8	
832	126	36	
833	126	30	아무것도하기싫을때 듣기 좋은 노래
834	126	17	
835	126	8	
836	126	7	
837	127	15	
838	127	32	가을에 듣기 좋은 노래
839	127	27	
840	127	7	
841	127	33	
842	128	10	
843	128	22	넘나 좋은것
844	128	32	
845	128	20	
846	128	1	
847	128	4	
848	129	23	들으면 웅장한 드라마 장면이 생각나서 소름 돋음
849	129	15	이노래 찾다가 1시간걸린듯…
850	129	13	
851	130	12	
852	130	13	이 사람 노래는 다좋음
853	130	39	
854	130	11	
855	130	5	
856	131	8	
857	131	5	
858	131	25	
859	131	4	으악ㅠㅠ 진짜 노래 넘 좋아요
860	131	30	This song is very cool! :)
861	131	12	
862	131	15	
863	131	34	멋져요
864	131	40	이건 부족한게없다
865	131	32	
866	131	23	
867	131	7	
868	132	19	너무 시끄럽다
869	132	37	듣기 편안해요
870	132	33	
871	132	35	
872	132	27	
873	132	32	이건 노래계의 전설이다
874	132	36	최건우
875	132	20	
876	133	26	
877	133	22	이 노래 다른 곡에 가려져서 잘 몰랐는데 가사가 너무 좋다..
878	133	35	
879	133	15	목소리 너무좋다
880	133	11	외모와 목소리둘다 최고에요
881	134	22	
882	134	28	
883	134	14	
884	134	33	내 취향
885	134	27	우울할때 들으면 기분좋을듯
886	134	21	
887	135	18	
888	135	10	
889	135	15	
890	135	2	
891	136	3	
892	136	29	
893	136	18	
894	136	27	
895	136	25	
896	136	36	
897	136	28	
898	136	23	
899	137	7	
900	137	14	
901	137	34	
902	137	23	갠적으로 이게 젤 좋은듯
903	137	13	
904	137	17	
905	137	4	
906	137	24	뒤늦게 알게된 곡이라 더 많이 듣게 되는듯
907	138	11	
908	138	15	
909	138	2	
910	138	37	헤어지고싶다
911	138	12	노래일뿐이지만 나의 감정을 뒤흔들어 놓는것은 왜일까..
912	138	33	어떻게 별로인 노래가 하나도없지?
913	138	29	
914	138	4	
915	138	35	
916	138	3	
917	138	17	
918	139	27	
919	139	16	시끄럽다
920	139	25	
921	139	4	
922	139	10	
923	139	22	이상해지는거 같아요
924	140	26	
925	140	2	
926	140	34	
927	141	7	예전노래지만 다시불러도좋은곡
928	141	27	
929	141	31	
930	141	6	
931	141	3	
932	141	30	
933	142	25	
934	142	30	
935	142	32	
936	142	36	금방 질린다
937	143	29	
938	143	22	
939	143	31	
940	143	17	언제나 들어도 질리지가 않는듯
941	143	11	
942	143	32	
943	144	3	이 노래를 듣고 이 가수한테 빠지게 됨
944	144	27	
945	144	20	목소리가 좋다
946	144	8	차분해지는 노래
947	144	38	
948	144	15	
949	144	5	
950	145	8	
951	145	9	
952	145	4	
953	145	5	
954	145	18	
955	146	34	
956	146	38	
957	146	32	무거운 노래…
958	146	2	
959	146	13	다음 앨범이 너무 기대되는 노래
960	146	35	죽을때까지 들을 노래
961	146	29	사랑하고싶어진다
962	146	4	
963	146	30	이 노래만 계속 듣고있네요ㅎ
964	146	7	가사랑 악기가 잘 어울린다
965	147	28	
966	147	39	
967	147	33	
968	147	16	
969	147	4	
970	148	1	
971	148	37	
972	148	6	
973	148	5	
974	148	39	
975	148	29	곡 진짜 잘 뽑은듯!
976	149	37	
977	149	16	
978	149	19	
979	149	12	
980	149	13	
981	149	39	
982	149	9	이렇게 상쾌한노래가 있다니…
983	149	40	
984	150	28	
985	150	7	
986	150	31	음색이 너무 좋아
987	150	15	노래가 정말 고급지다. 가사랑 비트도 다 세련됐어
988	150	39	
989	150	1	레알 띵곡이네
990	150	6	
991	150	21	
992	150	38	제가 제일좋아하는곡!
993	150	35	
994	150	13	
995	151	37	
996	151	13	이 노래 안들어본 사람이 있나?
997	151	21	이 노래 듣고 하루를 시작하면 좋은듯
998	151	8	
999	151	19	여행하는 기분이다
1000	152	24	
1001	152	11	
1002	152	32	
1003	152	36	
1004	152	14	
1005	152	34	
1006	152	1	
1007	153	9	
1008	153	19	
1009	153	16	세련된 감각과 음악센스가 좋은 분위기의 노래
1010	153	23	
1011	153	17	
1012	153	13	
1013	153	5	
1014	154	14	화음이 되게좋아요
1015	154	27	
1016	154	19	
1017	154	13	
1018	154	12	
1019	155	16	이노래 너무 좋잖아
1020	155	27	
1021	155	12	
1022	155	26	
1023	156	18	
1024	156	27	
1025	156	14	들을수록 더 좋아지는 노래임
1026	156	28	
1027	156	3	
1028	156	31	
1029	156	35	
1030	157	9	사랑해요!!
1031	157	28	
1032	157	8	
1033	157	3	
1034	157	2	
1035	157	37	
1036	157	6	거의 수능금지곡…
1037	157	4	
1038	157	12	
1039	157	10	
1040	157	14	
1041	158	17	나만 이 노래 나오면 흥부자 되냐? ㅋㅋ
1042	158	6	
1043	158	21	
1044	158	28	마음이 편안해지네요
1045	159	36	awesome :)
1046	159	15	바다 가고 싶게 만드는 노래다
1047	159	4	발라드 최고
1048	159	18	
1049	159	16	
1050	160	38	특유의 찌질한 감성이 남자들 마음을 사로잡음
1051	160	19	게임하면서 들으면 좋을거 같다
1052	160	6	
1053	160	32	
1054	160	31	
1055	160	15	
1056	160	37	
1057	160	29	너무 잘부른다
1058	160	5	
1059	160	8	
1060	160	2	
1061	161	2	
1062	161	9	
1063	161	6	
1064	161	11	
1065	161	12	
1066	161	7	
1067	161	39	길 지나다니면 이노래 계속 나옴 ㅋㅋ
1068	161	37	
1069	161	32	응원합니다!
1070	161	19	
1071	161	10	
1072	162	4	
1073	162	32	
1074	162	35	
1075	162	1	
1076	162	29	
1077	163	16	
1078	163	14	
1079	163	37	
1080	163	15	
1081	163	1	
1082	163	21	
1083	164	31	
1084	164	1	학교 끝나고 집갈때 듣는 노래
1085	164	23	여행 가고싶을때나 쉬고 싶을때 자주 듣는 노래
1086	164	4	
1087	165	29	나이는 들어도 노래는 변하지 않는다.
1088	165	36	이제 헤어나올수 없어…
1089	165	28	
1090	165	21	감탄만 나오는 노래
1091	165	7	
1092	165	25	
1093	165	9	
1094	166	35	
1095	166	15	
1096	167	23	
1097	167	13	
1098	167	22	
1099	167	15	좋구나..
1100	168	36	
1101	168	13	룰루랄라
1102	168	25	
1103	168	5	따라부르다가 목쉬었어요
1104	168	28	
1105	168	10	
1106	168	26	울 애가 좋아해요
1107	168	34	
1108	169	32	
1109	169	19	
1110	169	17	
1111	169	24	
1112	169	39	목소리가 너무 좋아여
1113	169	34	
1114	170	11	친구들끼리 부르고다님
1115	170	2	가음이 먹먹하다
1116	170	33	
1117	171	30	이 노래만 무한반복 중
1118	171	25	
1119	171	6	
1120	171	40	이 노래가 나온 시기에 살아서 행복할 정도로 좋다
1121	171	22	
1122	171	38	트로트 너무좋아요
1123	171	32	
1124	171	8	
1125	171	34	이런 느낌의 노래 너무 좋다.
1126	171	2	
1127	172	28	
1128	172	37	
1129	172	36	
1130	172	14	
1131	172	30	감정이입 최고다
1132	173	18	
1133	173	3	
1134	173	39	
1135	173	4	
1136	173	8	
1137	174	2	흥분된다
1138	174	3	
1139	174	19	
1140	174	22	
1141	174	33	
1142	174	32	
1143	175	15	
1144	175	34	게임 할때마다 틀어 놓고 게임중
1145	175	3	
1146	175	38	
1147	176	32	
1148	176	23	너무 흔한느낌?
1149	176	30	
1150	176	24	친구가 매일 들려줌
1151	176	11	
1152	176	18	
1153	176	4	
1154	176	35	
1155	176	29	
1156	177	3	
1157	177	25	
1158	177	14	
1159	177	26	이노래 진짜 너무 좋은데 왜 안유명한지 모르겠다..
1160	177	34	
1161	177	32	
1162	177	2	들으면 자동으로 춤추게 되는 곡
1163	177	30	
1164	177	17	이거 뭔 노랜지 한달정도 궁금했었는데 찾았네요 ㅎㅎ
1165	178	18	혼자 듣기 아까운 곡
1166	178	17	
1167	178	35	짝사랑하는 사람에게 추천
1168	178	6	
1169	178	33	
1170	178	11	지난 추억을 되새기는 노래
1171	178	1	from japan
1172	178	30	
1173	178	2	
1174	178	19	
1175	179	6	노래가 너무 깔끔해요
1176	179	15	
1177	179	36	
1178	179	25	
1179	179	24	
1180	179	28	작곡한 사람 대단하다
1181	179	21	신날때 듣기 좋은 노래
1182	179	9	
1183	179	37	
1184	180	14	
1185	180	10	
1186	180	33	
1187	180	1	내 인생에서 가장 좋아하는 아티스트
1188	180	25	
1189	180	21	지친다
1190	180	38	퇴근길 노래리스트 추가요~~
1191	181	37	이 노래는 한파트 한파트 모두가 킬링파트네
1192	181	14	
1193	181	8	친구랑 같이 들어봤는데 노래가 너무 좋아요
1194	181	11	
1195	182	23	기분 좋을때 자동으로 흥얼흥얼 나오는 노래.. 진짜 좋음 이노래
1196	182	7	
1197	182	3	노래가 슬퍼요
1198	182	32	
1199	182	18	힘든 하루를 끝마치는 노래
1200	182	35	
1201	182	16	
1202	183	39	노래 너무 좋다
1203	183	17	멜로디가 약간 옛날느낌?
1204	183	38	일하면서 듣고 있어요
1205	183	2	
1206	183	27	뭔가 독서할때 깔리는 bgm느낌
1207	183	34	내 최애곡 1위
1208	184	8	
1209	184	22	
1210	184	4	가사가 정말 좋네요.
1211	184	29	
1212	184	32	
1213	184	10	
1214	184	34	여러분 듣지 마세요 한번 들으면 헤어나올수가 없어요..;
1215	184	16	
1216	184	12	
1217	184	39	너무 슬프다
1218	184	40	가수 음색이 진짜 최고임.
1219	185	6	
1220	185	22	오늘만 7번째 듣는중
1221	185	23	명곡이 하나 생겨나네요
1222	185	27	
1223	185	17	
1224	185	8	
1225	185	38	
1226	185	20	
1227	185	26	
1228	185	33	어느 시간 때든 감성이 살아나는 듯
1229	186	6	기능하면서 듣기 좋다
1230	186	13	
1231	186	25	
1232	186	27	
1233	186	31	
1234	186	26	
1235	187	20	지나가다 들었는데 노래 끝날 때까지 가만히 서서 들음
1236	187	32	
1237	187	3	
1238	187	28	
1239	187	14	원하는게 없을 정도로 좋다
1240	188	4	
1241	188	24	천사가 부르는줄
1242	188	40	
1243	188	3	우울해진다
1244	188	13	
1245	188	34	
1246	188	30	이거 무한반복 듣는중 ㅋㅋ 노래 진짜 좋네
1247	189	13	
1248	190	6	
1249	190	1	
1250	190	38	
1251	190	36	
1252	190	11	
1253	190	10	
1254	190	23	
1255	190	2	
1256	191	29	우리반에서 매일 듣는중
1257	191	14	
1258	191	2	들은지 한참됐는데 아직도 듣는중ㅎㅎ
1259	191	5	
1260	191	19	와 노래 너무 좋아서 놀람
1261	192	20	노래 자체가 예쁨
1262	192	12	셤 공부하면서 들었는데 공부하고 나니까 머릿속에 남는건 이 노래뿐..
1263	192	38	내 눈에서 왜 땀이…
1264	192	11	노래방에서 부르기 좋은 노래
1265	193	12	
1266	193	23	발라드의 정석이다
1267	193	31	
1268	193	37	
1269	193	36	
1270	193	11	어디서 많이 들어본 노래
1271	193	7	
1272	194	4	
1273	194	16	
1274	194	37	
1275	194	32	
1276	194	9	
1277	194	34	
1278	195	15	이정도 들었으면 질릴 만 한데 아직도 안질리고 들을때마다 새로운 노래
1279	195	16	
1280	195	10	
1281	195	9	
1282	195	1	
1283	195	38	윗분 정상입니다.
1284	195	17	
1285	196	9	
1286	196	15	출퇴근 길에 들으며 힘내요
1287	196	38	
1288	197	35	
1289	197	23	
1290	197	15	
1291	197	30	이 가수 노래중에서 처음으로 좋다고 느꼈음
1292	197	4	
1293	197	13	
1294	197	9	이거만한 노래가 또 있을까.. 잘듣고 있어요~
1295	197	25	Fan fron france.
1296	197	16	목소리 진짜 좋다
1297	198	6	
1298	198	5	
1299	198	28	우울할 때 들으면 딱일 노래
1300	198	27	2명이 듣다 한명이 죽어도 모를 이 노래
1301	198	16	잔잔하면서 듣기 좋은 음색이다
1302	198	8	
1303	198	35	
1304	199	9	
1305	199	26	
1306	199	20	
1307	199	16	
1308	199	36	지하철안에서 듣다가 나도 모르게 흥얼거려서 쪽팔렸음..ㅋㅋ
1309	199	32	
1310	199	17	
1311	199	40	퇴근하면서 매일듣는노래
1312	199	24	역대급이야
1313	199	5	
1314	199	30	이거보다 좋을 수가 없다!
1315	199	8	목소리 굿
1316	199	4	
1317	199	12	
1318	200	12	
1319	200	39	
1320	200	13	
1321	200	32	
1322	200	2	와 진짜 사랑해요
1323	200	22	
1324	200	10	
1325	200	37	
1326	200	23	
1327	200	21	
1328	201	26	
1329	201	9	
1330	201	11	
1331	201	39	
1332	201	20	
1333	201	29	
1334	202	19	
1335	202	9	
1336	202	17	우연히 들었는데 진짜 좋긴하다 어느새 머릿속에 가끔씩 자동재생됨 ㅋㅋ
1337	202	29	놀때 틀면 최고일거같아요
1338	203	18	
1339	203	13	
1340	203	7	이번년도 최고의 곡
1341	203	20	
1342	203	38	
1343	204	26	달달하다
1344	204	36	
1345	204	21	
1346	204	1	피곤하다
1347	204	23	
1348	205	33	점점 노래가 좋아지는거같아요
1349	205	2	
1350	205	21	
1351	205	34	
1352	205	11	
1353	205	1	
1354	205	8	
1355	206	15	
1356	206	30	
1357	206	2	
1358	206	22	
1359	206	27	
1360	206	3	
1361	206	9	
1362	206	21	
1363	206	25	
1364	206	14	
1365	206	35	
1366	206	13	
1367	207	6	
1368	207	8	
1369	207	19	
1370	207	29	
1371	207	33	분위기 잡기 좋은 곡
1372	207	31	
1373	207	26	
1374	208	14	
1375	208	15	이 가수 팬도 아닌데 이 노래 들을 때마다 너무 좋은 것 같다
1376	208	12	
1377	208	37	
1378	208	28	
1379	208	5	
1380	208	6	
1381	208	4	
1382	208	26	
1383	208	16	
1384	209	10	
1385	209	27	희망을 가지게된다
1386	209	4	
1387	209	14	
1388	209	34	
1389	209	28	시원하다
1390	209	32	
1391	209	13	
1392	210	32	항상 변함없이 명곡을 내주는게 너무 좋다
1393	210	15	어느 순간 중얼거리고 있다
1394	210	31	지금까지 몇번을 들었는지도 모르겠다. 계속 듣게됨
1395	210	23	
1396	210	18	
1397	210	35	
1398	210	2	
1399	210	10	
1400	211	21	
1401	211	6	
1402	211	26	
1403	211	5	
1404	211	3	
1405	211	25	피시방에서 게임 안하고 이 노래 들었다
1406	212	38	내 취향은 아닌 듯 하네요
1407	212	6	처음엔 그냥 그랬는데 계쏙 흥얼흥얼 거리게 되네
1408	212	29	
1409	212	23	듣기 너무 좋아요
1410	212	35	이집트인 입니다. 
1411	213	27	그리울때 들으면 와닿을듯
1412	213	7	
1413	213	35	노래방에서 좀 안 불렀으면 좋겠다
1414	213	10	가수도 가수지만 이번에는 레전드인듯
1415	213	6	
1416	213	33	
1417	213	29	가수 음색이랑 딱 맞춰서 나온 노래 같다
1418	214	38	화가난다
1419	214	37	
1420	214	5	
1421	214	18	
1422	214	25	여름에 듣기 좋은 노래
1423	215	14	
1424	215	29	지금 계절과 딱 어울리는 노래다
1425	215	15	왜 흥한건지 모르겠다
1426	215	39	
1427	215	10	
1428	215	23	
1429	215	2	
1430	215	38	
1431	216	34	
1432	216	35	이분 노래별로
1433	216	13	
1434	216	28	다음곡도 기대해요
1435	216	38	
1436	216	33	
1437	216	32	
1438	217	35	
1439	217	9	
1440	217	23	
1441	217	40	외모\에다 목소리에다 노래실력까지.. 이건 반칙아닙니까
1442	217	3	
1443	217	7	
1444	217	4	
1445	217	25	존경합니다 그리고 사랑합니다
1446	217	11	
1447	218	18	
1448	218	40	집가는 길에 한번 듣고 한참 찾았어요
1449	218	39	노래방가서 부르기 좋을거 같네요
1450	218	22	
1451	218	4	
1452	219	32	
1453	219	18	
1454	219	15	
1455	219	27	
1456	219	21	
1457	219	29	
1458	219	25	
1459	219	23	친구들사이에서 유명한노래
1460	219	39	와 진짜 너무좋아요 이노래..bb
1461	220	4	
1462	220	25	뭔가 먹고싶어진다
1463	220	15	
1464	220	28	
1465	220	35	
1466	220	13	한번듣고 반해버림
1467	220	29	
1468	221	1	머리 한대 맞은거 같아요
1469	221	22	
1470	221	34	
1471	221	11	
1472	221	39	오늘부터 입덕했습니다..
1473	222	13	
1474	222	37	
1475	223	38	
1476	223	13	반주가 너무 엉성해요
1477	223	26	
1478	223	11	
1479	223	9	
1480	223	15	
1481	224	2	
1482	224	39	이거 들으면 공부 못함
1483	224	22	노래가 부드럽다
1484	224	33	
1485	224	12	확실한 본인들의 색깔이 있어서 좋은듯
1486	224	8	
1487	225	7	
1488	225	39	내 취향은 아닌듯
1489	225	20	
1490	225	40	
1491	225	16	이 노래를 이제 알다니… 너무 후회된다
1492	226	34	역시 가요계의 레전드
1493	226	36	
1494	226	31	이 노래만 들으면 어릴 때 생각이 나네
1495	226	11	
1496	226	14	아침 버스에서 이어폰 끼고 듣는 노래
1497	226	10	
1498	226	35	
1499	226	25	
1500	226	3	
1501	227	19	
1502	227	26	클럽에서 틀 것 같이 신나는 노래
1503	227	12	
1504	227	27	
1505	227	4	
1506	227	40	새벽감성 충만해지는 노래
1507	227	11	
1508	227	13	
1509	228	40	난 아직까지 계속 무한반복중 ㅋㅋ
1510	228	19	
1511	228	8	
1512	228	35	
1513	228	10	
1514	228	30	
1515	228	9	가사가 귀에 안들어온다
1516	228	20	
1517	229	31	
1518	229	8	뭔가 부족하다
1519	229	28	외롭다
1520	230	21	사귀던애랑 헤어졌는데 위로가 되네요
1521	230	18	졸릴 때 이 노래 들으면 잠 다 깸
1522	230	13	가슴이 먹먹하네요
1523	230	14	아직도 듣는 명곡.. 너무 좋다
1524	230	12	
1525	230	23	길가다가 이 노래 나오면 자동으로 따라부름 ㅋㅋ
1526	230	16	
1527	230	27	
1528	230	29	
1529	230	35	노래 최고다
1530	230	32	최고 
1531	231	16	
1532	231	19	
1533	231	13	이 노래만 듣고 있어요
1534	231	32	
1535	231	2	
1536	231	37	
1537	231	3	
1538	231	38	
1539	231	29	우연히 알게된 노래, 한번 듣고 계속 듣게되는..
1540	232	18	요즘 학원갖다오면 맨날 이 노래만 들어요
1541	232	23	
1542	232	31	
1543	232	26	
1544	232	7	록음악 최고
1545	232	6	날 붇잡는 거 같다
1546	232	25	비오는 날 잘 어울리는 곡
1547	232	20	
1548	233	32	부르는게 어색함
1549	233	2	
1550	233	10	
1551	233	18	
1552	233	7	
1553	233	27	밤마다 듣는다
1554	233	34	
1555	234	8	
1556	234	35	
1557	234	2	
1558	234	13	너무 신나요
1559	234	7	노래 듣는 순간 얼어붙었다
1560	234	39	이런 컨셉도 장난 아니네..
1561	234	29	
1562	234	21	
1563	234	1	
1564	234	3	잔잔해서 좋아
1565	235	24	목소리 너무 좋아
1566	235	33	노래가 참 좋아요 감사합니다
1567	235	10	
1568	235	1	댄스가 생각나는 곡
1569	235	37	
1570	235	19	
1571	235	28	
1572	235	14	
1573	235	22	
1574	236	21	슬프다
1575	236	3	
1576	236	8	
1577	236	15	뭔데 나도 모르게 눈물이 흐르지
1578	236	16	
1579	236	36	
1580	237	10	
1581	237	6	
1582	237	34	
1583	238	37	
1584	238	29	중독된다
1585	238	7	
1586	239	18	들어본 노래중 젤 좋은듯
1587	239	23	
1588	239	16	
1589	239	40	
1590	239	3	
1591	239	11	
1592	239	17	
1593	240	19	
1594	240	27	
1595	240	35	
1596	240	26	
1597	240	29	
1598	240	31	
1599	241	12	
1600	241	22	절 위로해주는거 같아요
1601	241	31	
1602	242	35	끝까지 안지루한 노래
1603	242	8	
1604	242	3	
1605	242	33	
1606	242	10	
1607	242	28	
1608	242	23	노래가 좋아요
1609	242	1	oh my godness…
1610	242	7	
1611	243	3	더 이상 바랄게 없다.
1612	243	38	백번들은듯…
1613	243	7	
1614	243	37	
1615	243	14	
1616	243	31	
1617	243	21	
1618	244	35	
1619	244	17	
1620	244	29	
1621	244	7	
1622	244	16	노래 너무 좋네요
1623	244	31	
1624	244	12	
1625	244	22	진짜 이 노래 라이브로도 듣고 싶다
1626	244	37	
1627	245	20	
1628	245	29	언제 들어도 좋다 ㅎㅎ
1629	245	8	
1630	245	25	
1631	245	10	진짜 요즘노래 같음. 완전 트랜디하네
1632	246	11	
1633	246	14	
1634	246	16	
1635	246	22	
1636	246	17	
1637	246	15	10점 만점에 10점
1638	246	9	1일5곡
1639	246	8	
1640	246	37	
1641	246	31	
1642	247	35	
1643	247	9	
1644	247	36	
1645	247	38	뭔가 좀 부족한듯?
1646	247	18	겨울에 듣기 좋다
1647	247	21	슬플때 듣기 좋은 노래
1648	247	19	듣다가 울었어요
1649	248	22	하이라이트에서 터졌다
1650	248	23	
1651	248	3	듣기만 해도 신이 나는 곡
1652	249	30	여름에 들으면 2배의 감동
1653	249	26	
1654	249	17	감성에 빠진다
1655	249	33	
1656	249	9	
1657	250	31	
1658	250	29	
1659	250	16	
1660	250	14	Her voice is wonderful! <3
1661	250	27	OMG 
1662	250	40	
1663	251	11	
1664	251	24	
1665	251	29	
1666	251	2	감미로운 목소리
1667	251	9	
1668	251	32	올해의 대표곡이 되지 않을까 예상
1669	251	35	
1670	251	36	
1671	251	5	노래 너무 잘듣고 있어요 매일매일 들어도 새롭고 너무 좋아요
1672	251	3	오늘부터 이노래만 듣는다
1673	252	39	
1674	252	3	
1675	252	31	
1676	252	25	어디서 들어본듯?
1677	252	2	가사 하나하나가 마음에 와닫는 그런 노래
1678	252	11	
1679	252	23	상큼한 과일을 베어 무는 느낌 톡 쏘는 느낌
1680	252	38	
1681	252	10	
1682	252	7	
1683	252	17	랩부분 너무 좋아
1684	252	18	
1685	253	21	
1686	253	9	
1687	253	15	
1688	253	20	몇 년이 지나도 띵곡
1689	253	30	
1690	253	38	
1691	253	37	감사합니다!!
1692	253	12	
1693	253	24	
1694	253	22	
1695	253	32	
1696	254	22	내가 마음에 담아두고 있었던 말들을 이렇게 불러주신다니.. 감사합니다
1697	254	9	노래가 위로되네요
1698	254	36	
1699	254	5	
1700	254	39	
1701	254	34	
1702	254	2	
1703	254	30	화음이 소름돋네;
1704	254	10	
1705	255	15	
1706	255	40	사이다를 마신듯한 청량감
1707	255	37	
1708	255	34	
1709	255	9	자신의 이야기라서 더 마음에 와닫네
1710	255	4	RNB와 모던의 조화로운 느낌
1711	255	5	이번곡 너무좋다
1712	255	11	
1713	256	22	죄지은거 같다
1714	256	1	
1715	256	23	
1716	256	30	
1717	257	30	
1718	257	2	불러도불러도 질리지 않네요
1719	257	1	
1720	257	12	오우야
1721	257	22	
1722	257	25	
1723	258	39	들어도 들어도 질리지 않는 노래다
1724	258	9	
1725	258	28	진짜 취적이다..
1726	258	19	
1727	258	10	나를 감성 풍부해지게 만든 노래
1728	258	37	
1729	258	20	
1730	259	37	
1731	259	28	
1732	259	17	숨 못 쉴정도로 긴박하게 신나난다
1733	259	25	
1734	259	10	
1735	259	13	
1736	259	27	
1737	260	25	
1738	260	16	재미가 없어요
1739	260	4	
1740	260	17	창법이 독특하네요
1741	260	40	
1742	261	27	
1743	261	4	쓸쓸해진다
1744	261	28	
1745	261	32	
1746	261	6	
1747	261	22	
1748	261	9	가슴이 먹먹하다
1749	261	25	간주부터 소름돋았다
1750	261	16	
1751	262	7	
1752	262	20	노래 안질림
1753	262	12	
1754	262	5	유행을 못따라간다
1755	262	25	들으면 들을수록 질리지 않고 더 좋아짐
1756	262	16	헤어나오기 힘들다
1757	262	3	Perfect.
1758	262	13	
1759	262	26	진짜 설레는 노래다..
1760	262	38	
1761	262	4	우리 가족 전부 좋아하는 노래
1762	263	24	최악의 노래
1763	263	9	
1764	263	14	이곡 따라하지 마세요 목 나갑니다
1765	263	33	
1766	264	10	
1767	264	20	
1768	264	25	
1769	264	15	
1770	264	27	고음부분 아무도 못부를듯
1771	264	38	
1772	264	37	
1773	265	18	
1774	265	37	
1775	265	22	
1776	265	40	노래는 좋은데 가수가 별로다
1777	265	4	
1778	265	8	
1779	265	2	힘빠졌을때 들으면 힘이 나는 노래
1780	265	23	나의 노래 수준을 높여준 노래
1781	265	30	
1782	265	11	
1783	265	38	
1784	265	14	
1785	266	13	
1786	266	31	여친한테 불러주고 싶어요
1787	266	27	
1788	266	30	
1789	266	4	
1790	266	35	
1791	267	16	
1792	267	27	
1793	267	6	길가다 몇번 들어봤는데 너무 좋아요
1794	267	13	
1795	267	3	
1796	267	33	
1797	267	32	뭐든 잘 될 거야라고 긍정적으로 만들어 주는것 같다
1798	267	23	
1799	268	35	시험기간에 들으면 안되는 노래
1800	268	28	목소리가 너무 좋으심
1801	268	2	
1802	268	12	차트 역주행 가즈아
1803	268	32	
1804	268	19	분위기 좋다
1805	268	6	이거 학교에서 애들이 부르고 다니던데
1806	269	3	가사에 빠진다
1807	269	40	이 가수 노래는 다좋아 무슨..
1808	269	31	
1809	269	2	간이 딱 맞는 노래
1810	269	23	
1811	269	7	
1812	269	19	
1813	269	16	
1814	269	15	
1815	269	33	자기 전에 듣기 좋은 노래
1816	270	13	
1817	270	4	
1818	270	8	
1819	270	3	
1820	270	33	이분 노래 너무 좋으심
1821	270	16	Anyone 2018??? <3
1822	271	30	
1823	271	14	우리반 댄스곡
1824	271	11	
1825	271	16	좋다고 하도 말하고 다녀서 말하기도 지침
1826	271	1	
1827	271	13	
1828	271	28	
1829	271	2	
1830	272	23	슬프다ㅠㅠ
1831	272	40	
1832	272	10	
1833	272	31	
1834	272	37	
1835	272	15	
1836	272	6	
1837	272	12	
1838	273	37	
1839	273	30	
1840	273	17	
1841	273	13	행복하다
1842	274	29	
1843	274	27	
1844	274	21	매일 산책하면서 들어요
1845	274	40	잘불러서 소름돋았어요
1846	274	24	
1847	275	18	
1848	275	5	
1849	275	38	게임할때 들으면서 합니다
1850	275	23	계속 듣고 있네요
1851	275	17	최고
1852	275	29	진짜 중독성있어요
1853	275	31	
1854	275	4	한국인 찾습니다~!
1855	275	32	
1856	276	4	
1857	276	16	
1858	276	8	다 완벽한 노래임
1859	276	36	
1860	276	12	
1861	276	18	헤어졌을때 들으면 와닿을듯
1862	276	15	밤에 놀때 틀면 신남
1863	277	26	
1864	277	35	
1865	277	40	
1866	278	27	
1867	278	17	
1868	278	3	
1869	278	40	내 최초의 인생 곡
1870	278	2	
1871	279	31	
1872	279	28	계속 듣고 싶다
1873	279	3	
1874	279	26	
1875	279	6	호불호가 꽤 갈릴듯
1876	279	35	이게 노래가 왜 인기가 없는지 모르겠다
1877	279	38	
1878	279	2	머릿속에서 계속 생각나..
1879	279	7	뻔하지만 중독성 있는 노래
1880	280	17	
1881	280	31	
1882	280	18	My favorite Song!
1883	280	1	
1884	280	22	대박…
1885	281	21	내 최애곡이 하나 늘었다
1886	281	32	
1887	281	8	
1888	281	28	
1889	281	14	
1890	281	3	
1891	281	9	어떻게 이래.. 음악도 좋고 목소리도 좋고 가사도 이쁘고…
1892	281	13	
1893	282	7	
1894	282	24	
1895	282	40	
1896	282	35	
1897	282	15	
1898	282	31	
1899	282	9	마음이 차분해져요
1900	282	19	
1901	282	36	
1902	283	10	
1903	283	32	그 시대로 돌아간 느낌
1904	283	36	
1905	283	13	
1906	283	33	
1907	283	37	내 최애곡
1908	283	25	
1909	283	24	
1910	284	35	공부할때 들으면 좋다
1911	284	16	
1912	284	5	목소리 너무 좋은데?
1913	284	38	
1914	284	10	
1915	284	8	
1916	284	22	혼자있고싶어진다
1917	284	23	이분 노래가 다좋아요
1918	284	34	
1919	284	19	
1920	284	2	
1921	285	4	
1922	285	8	
1923	285	32	너무 높지만 부르는 노래
1924	285	13	
1925	285	19	
1926	285	7	
1927	285	34	
1928	285	28	
1929	286	32	
1930	286	18	
1931	286	21	
1932	286	20	
1933	287	1	
1934	287	7	
1935	287	35	
1936	287	21	음악 퀄리티가 확실히 좋음
1937	287	31	
1938	287	27	
1939	287	22	이노래 무한반복 중
1940	287	16	
1941	288	12	
1942	288	29	
1943	288	36	
1944	288	11	
1945	288	28	
1946	288	14	
1947	289	25	말이 안나오는 노래
1948	289	23	가수분 너무멋져요
1949	289	31	
1950	289	9	스밍을 부르는 노래
1951	289	17	
1952	289	3	
1953	290	27	
1954	290	34	
1955	290	8	목소리 너무 좋아요
1956	290	11	
1957	290	17	와 작사 작곡도 직접 했네.. 못하는게 뭐야
1958	290	13	꺄아아아
1959	290	40	
1960	290	10	
1961	290	29	
1962	290	39	
1963	290	35	
1964	290	18	가사가 좋다
1965	290	28	
1966	290	2	
1967	291	39	그립다
1968	291	1	
1969	291	18	
1970	291	9	
1971	291	13	
1972	291	2	
1973	291	29	
1974	292	1	
1975	292	5	
1976	292	30	암만봐도 너무 좋다. 노래방가면 꼭 부르는 곡중에 하나
1977	292	12	I like this song. <3
1978	292	34	목소리가 사기적인 노래
1979	292	13	
1980	292	9	
1981	293	1	
1982	293	33	
1983	293	27	
1984	293	5	잘때들으면 좋을듯
1985	293	19	좋긴한데 내취향은 아닌듯
1986	293	16	부럽다
1987	293	15	비트가 사기야
1988	293	14	
1989	293	30	
1990	294	2	
1991	294	24	
1992	294	19	
1993	294	3	
1994	294	26	벌써 공부하면서 3시간째 듣는중…
1995	294	28	크…
1996	295	29	
1997	295	22	
1998	295	21	
1999	295	23	졸릴때들으면 확 깨요
2000	295	11	
2001	295	33	노래 좋다
2002	295	6	
2003	295	5	
2004	295	31	
2005	296	11	
2006	296	29	나도 모르게 찾아서 듣게된다 너무 좋아
2007	296	40	공부하면서 들으면 좋을거 같다
2008	296	34	
2009	296	30	음색깡패
2010	296	4	
2011	297	28	
2012	297	19	
2013	297	11	
2014	297	14	
2015	297	13	
2016	297	37	
2017	297	38	
2018	297	40	
2019	298	24	
2020	298	12	
2021	298	5	
2022	298	30	잔잔하면서 듣기 좋은 목소리
2023	298	9	
2024	298	14	
2025	298	34	연애하고 싶어지는 노래인듯
2026	298	33	
2027	298	15	
2028	298	31	
2029	299	35	
2030	299	34	
2031	299	12	
2032	299	24	
2033	299	1	걸크러쉬
2034	300	19	
2035	300	11	마치 내가 저기에 있는 느낌;
2036	300	26	취향저격
2037	300	37	
2038	300	1	노래 너무 좋다..
2039	300	22	망했다.. 내일 시험인데..
2040	301	15	
2041	301	31	
2042	301	35	
2043	301	7	
2044	302	22	
2045	302	23	야하다
2046	302	31	
2047	303	23	이 시대사람들은 이해못하는 노래
2048	303	5	
2049	303	26	
2050	303	10	
2051	303	9	
2052	303	16	
2053	303	38	
2054	303	33	
2055	303	31	
2056	303	29	길가다 들어본 노래다
2057	304	38	
2058	304	36	
2059	304	15	
2060	304	14	
2061	304	34	
2062	304	35	와.. 이번껀 미쳤다
2063	304	22	
2064	304	13	
2065	304	9	
2066	305	7	이 가수 노래 다 좋아요 다른곡도 들어보셈
2067	305	16	
2068	305	35	짜증이난다
2069	305	32	
2070	305	24	
2071	305	12	
2072	305	39	화날때 들으면 진정될듯
2073	305	23	
2074	305	22	다시 들어도 명곡
2075	306	12	
2076	306	33	중얼거리다가도 제목을 잊어 못찾았었는데
2077	306	15	
2078	306	34	
2079	306	13	따뜻함을 느낄수 있는 노래
2080	306	6	랩 가사가 묵직함
2081	306	39	
2082	307	11	
2083	307	32	이건 너무 좋은 것 아닙니까..
2084	307	40	
2085	307	36	
2086	307	12	마트 전용 노래
2087	307	22	
2088	307	17	
2089	307	18	
2090	307	20	
2091	308	13	
2092	308	3	
2093	308	4	제가 웬만해선 댓글 안다는데 이노래가 댓글을 달게 만드네요
2094	308	14	
2095	308	36	사랑스러운 노래
2096	308	25	멜로디가 흥겹네요
2097	308	33	
2098	308	22	
2099	308	35	들으면 들을수록 감미롭다
2100	308	20	
2101	308	2	
2102	308	24	
2103	308	37	
2104	308	10	
2105	309	10	ㅠㅠ..
2106	309	25	한편의 동화 같은, 궁금해서 자꾸만 넘겨보고 싶다
2107	309	14	
2108	309	26	고백할때 부르기 좋을거같아요
2109	309	22	
2110	309	40	
2111	309	9	
2112	309	8	안좋을때 들으면 더 안좋은 노래
2113	309	21	
2114	310	31	
2115	310	38	
2116	310	14	
2117	310	23	
2118	310	2	
2119	311	12	시간이 지나서도 계속 듣게 될 노래
2120	311	9	
2121	311	7	
2122	311	11	
2123	311	23	
2124	311	2	
2125	311	24	
2126	312	18	
2127	312	4	봄만 되면 생각이 난다
2128	312	22	
2129	312	10	
2130	313	17	
2131	313	11	
2132	313	12	
2133	313	33	정신이 이상해지는거 같다
2134	313	31	
2135	313	5	친구네 집가서 듣던노래
2136	313	32	
2137	314	40	
2138	314	1	합법적 마약
2139	314	35	그저 감탄만 나오는 노래
2140	314	10	
2141	314	37	
2142	314	20	사랑해요!!!
2143	314	12	이거 노래방에서 부르면 인기많을듯
2144	315	22	
2145	315	14	
2146	315	21	오늘부터 이노래만 들어야겠다
2147	315	3	목소리가 매력적임
2148	315	15	
2149	315	37	
2150	315	18	
2151	315	40	목소리랑 가사가 잘 맞는다
2152	315	26	
2153	315	31	
2154	315	8	내 친구 오늘 이노래 수업시간에 흥얼거리다 쌤한테 혼남 ㅋㅋㅋ
2155	317	36	
2156	317	38	모르는 사람이 많은 꿀노래
2157	317	26	
2158	317	20	이 노래만 들어야겠다
2159	317	9	
2160	318	27	
2161	318	22	
2162	318	7	
2163	318	23	봄에듣기좋은노래
2164	318	1	
2165	318	14	
2166	318	24	반주랑 목소리가 잘맞는듯
2167	318	33	
2168	318	15	
2169	319	14	
2170	319	9	와 소름 돋았다
2171	319	20	
2172	319	30	노래방 가면 제일먼저 이거 예약함
2173	319	35	이노래는 몇년가도 잊혀지지않을거 같아요
2174	320	6	
2175	320	12	ㄹㅇ 띵곡
2176	320	27	역시 기대이상이네
2177	320	22	